Nr. Gamintojas     Modelis             Metai  Kaina   
------------------------------------------------------
 1  Ford           Laser               1987   85940.98
 2  MINI           Clubman             2008   51218.74
 3  Buick          Regal               1997    5356.26
 4  Toyota         Tacoma              2007    9602.77
 5  Kia            Rondo               2010   31902.79
 6  Plymouth       Grand Voyager       1997   33220.09
 7  Mercury        Villager            1997   95108.88
------------------------------------------------------
 1  Maserati       Quattroporte        2006   14687.21
 2  Saab           9-5                 2007   92896.32
 3  Ford           Crown Victoria      2001   84710.62
------------------------------------------------------
Nr. Metai  Kiekis
-----------------
 1   2004       2
 2   2012       4
 3   1972       2
-----------------
 1   2011       2
 2   1997       3
 3   2000       1
 4   1999       1
 5   2001       2
-----------------
 1   2004      10
 2   2012       5
 3   1972      20
 4   2013       1
 5   2006       3
 6   2010       4
-----------------
 1   2004      10
 2   2012       5
 3   1972      20
 4   2006       4
 5   1998       2
 6   2009       2
 7   2003       2
-----------------
 1   1990       1
 2   1992       1
 3   1993       1
 4   2005       4
 5   2008       1
-----------------
Laisvi automobiliai:
Nr. Metai  Kiekis
-----------------
 1   1987       1
 2   2007       2
-----------------
